-354.40545654296875 1001.9966430664062 5.650646926369518e-05 718.80126953125 -359.9944763183594 2.0122909545898438 -1000.0001831054688 730.1368408203125 -0.9999845623970032 0.005589195527136326 2.3997768039407674e-07 2.0281577110290527
349.9808044433594 -1003.5504150390625 4.1097002394963056e-05 728.8955078125 359.9820556640625 -3.6005213260650635 -999.9999389648438 735.0355834960938 0.9999499320983887 -0.01000120583921671 3.261708059199009e-08 2.041764974594116
-996.7374267578125 -368.93670654296875 -2.3338812752626836e-05 757.4723510742188 3.2224159240722656 -359.9856262207031 -999.9999389648438 724.7967529296875 0.008951155468821526 -0.9999598860740662 -6.483003289758926e-08 2.013324022293091
999.3328857421875 361.8477783203125 5.2302071708254516e-05 737.3248291015625 -0.6654021739959717 359.9996032714844 -1000.0000610351562 719.721923828125 -0.0018483392195776105 0.9999984502792358 1.4551218896485807e-07 1.999226689338684
4.991220474243164 1001.9964599609375 -354.36993408203125 757.1915283203125 1004.9705200195312 2.011946201324463 -345.8758850097656 682.2315673828125 0.014082580804824829 0.005589308682829142 -0.9998852014541626 2.0558931827545166
3.379225969314575 1001.9964599609375 354.38922119140625 732.0698852539062 -996.5218505859375 2.0118887424468994 369.5133361816406 733.9035034179688 0.009535194374620914 0.005589041393250227 0.9999389052391052 1.9850101470947266
-996.737548828125 -265.2169494628906 -256.4651184082031 764.2017822265625 3.222355842590332 436.36456298828125 -969.1107177734375 702.6714477539062 0.00895125325769186 -0.718839168548584 -0.69511878490448 2.0315628051757812
999.3328857421875 277.76702880859375 -231.90357971191406 801.5021362304688 -0.6654022336006165 -364.5390319824219 -998.3541259765625 779.3916015625 -0.001848339568823576 0.7676337957382202 -0.640886127948761 2.176586389541626
999.3328857421875 275.28106689453125 234.84909057617188 717.7601928710938 -0.665401816368103 922.90234375 -527.115478515625 724.94580078125 -0.0018483387539163232 0.7607636451721191 0.6490263342857361 1.9451582431793213
-996.7374877929688 -278.5052185058594 241.96937561035156 782.3587646484375 3.222487211227417 -927.6041259765625 -518.7872924804688 791.8629150390625 0.008951212279498577 -0.7548556923866272 0.6558297276496887 2.080775499343872
-928.8180541992188 516.62060546875 2.526520074752625e-05 703.4243774414062 -271.20953369140625 -236.73919677734375 -999.9999389648438 698.917236328125 -0.7533596754074097 -0.6576086282730103 6.0479038666017e-08 1.9414360523223877
416.8591613769531 977.664794921875 0.00011491702025523409 728.868896484375 -263.752197265625 245.02029418945312 -1000.0000610351562 689.6127319335938 -0.7326447367668152 0.6806113719940186 2.393937563738291e-07 1.9155898094177246
932.40625 -510.11639404296875 0.00010043985093943775 676.4481201171875 269.54833984375 238.62904357910156 -1000.0000610351562 727.3946533203125 0.748745322227478 0.6628580689430237 1.7224778048330336e-07 2.0205399990081787
-438.5959777832031 -968.1083374023438 -7.639130490133539e-05 741.1368408203125 258.2126159667969 -250.8509521484375 -1000.0 742.0560913085938 0.7172572612762451 -0.6968085765838623 -1.3195332826398953e-08 2.061267375946045
-253.96978759765625 1001.9965209960938 -247.18887329101562 742.550537109375 439.5002746582031 2.012075662612915 -967.6959838867188 821.4464721679688 -0.7165975570678711 0.0055892495438456535 -0.6974644660949707 2.0951693058013916
270.8985595703125 -1003.5504150390625 -221.5866241455078 791.1395263671875 -354.4994201660156 -3.6004040241241455 -1001.9567260742188 836.16650390625 0.7739992737770081 -0.010001069866120815 -0.6331074833869934 2.2196059226989746
268.04705810546875 -1003.5504760742188 225.02720642089844 680.8964233398438 918.67724609375 -3.600576639175415 -534.4334716796875 747.2640991210938 0.7658529281616211 -0.010001333430409431 0.6429380178451538 1.9046248197555542
-248.4657745361328 1001.996337890625 252.72096252441406 674.3565673828125 -965.4686279296875 2.011984348297119 -444.37158203125 811.7503662109375 -0.7010670304298401 0.005589015316218138 0.7130733728408813 1.9027540683746338